              precision    recall  f1-score   support

           0       0.94      0.98      0.96       816
           1       0.95      0.89      0.92       761
           2       0.92      0.95      0.94       827
           3       0.95      0.85      0.90       831
           4       0.83      0.97      0.90       775
           5       0.98      0.88      0.93       869
           6       0.91      0.98      0.94       851
           7       0.93      0.96      0.95       816
           8       0.95      0.93      0.94       808
           9       0.99      0.96      0.97       848
          10       1.00      1.00      1.00       847

    accuracy                           0.94      9049
   macro avg       0.94      0.94      0.94      9049
weighted avg       0.94      0.94      0.94      9049
